train_schedule_id	time_taken	distance_from_start_station	latitude	longitude
1	1653.8	6.873	6.92708	79.8612
1	2379.4286	1.9	6.93349	79.8505
1	2545.7143	3.668	6.92947	79.8651
1	2640	1.9	6.92917	79.8649
1	2646.8571	1.9	6.92885	79.8643
1	2652	1.9	6.92813	79.8614
1	2655.4286	1.9	6.93248	79.8559
1	2677.7143	1.9	6.93022	79.8585
1	2682.8571	1.9	6.93329	79.8525
1	2782.2857	3.668	6.93697	79.8782
1	2785.7143	3.668	6.93669	79.8782
1	2825.1429	3.668	6.93018	79.8678
1	2826.8571	3.668	6.93733	79.8787
1	2828.5714	3.668	6.93162	79.8712
1	2850.8571	3.668	6.93375	79.8747
1	2917.7143	6.873	6.93743	79.8791
1	2993.1429	22.153	7.0674	79.8949
1	3037.7143	22.153	7.07036	79.894
1	3120	22.153	7.07327	79.8933
1	3150.8571	6.873	6.95471	79.8895
1	3171.4286	6.873	6.9391	79.8807
1	3180	6.873	6.94391	79.8846
1	3188.5714	22.153	7.06476	79.8956
1	3198.8571	6.873	6.96087	79.8941
1	3200.5714	6.873	6.95902	79.892
1	3202.2857	6.873	6.94114	79.8829
1	3217.7143	6.873	6.94785	79.887
1	3246.8571	8.676	6.96114	79.8946
1	3270.8571	23.934	7.07777	79.892
1	3363.4286	20.556	7.05025	79.901
1	3377.1429	10.026	6.97566	79.8992
1	3418.2857	22.153	7.07621	79.8926
1	3468	20.556	7.05571	79.8997
1	3478.2857	17.077	7.0339	79.9156
1	3500.5714	8.676	6.96298	79.8964
1	3502.2857	22.153	7.07734	79.8922
1	3507.4286	8.676	6.97007	79.8983
1	3510.8571	20.556	7.0622	79.8963
1	3514.2857	17.077	7.03281	79.9173
1	3526.2857	8.676	6.97316	79.8988
1	3529.7143	20.556	7.05779	79.8984
1	3538.2857	11.699	6.98883	79.8964
1	3555.4286	8.676	6.97448	79.8991
1	3570.8571	20.556	7.0493	79.9016
1	3586.2857	8.676	6.96572	79.8974
1	3593.1429	10.026	6.98719	79.9
1	3598.2857	20.556	7.05428	79.9
1	3601.7143	14.043	7.00041	79.9068
1	3630.8571	10.026	6.97919	79.8998
1	3642.8571	10.026	6.9846	79.8995
1	3654.8571	17.077	7.03137	79.9212
1	3661.7143	10.026	6.97661	79.8994
1	3663.4286	20.556	7.05187	79.9002
1	3670.2857	17.077	7.03601	79.9146
1	3692.5714	10.026	6.9817	79.8998
1	3745.7143	11.699	6.99995	79.9067
1	3781.7143	14.043	7.00594	79.9106
1	3792	22.153	7.06291	79.8961
1	3802.2857	11.699	6.98928	79.9016
1	3802.2857	11.699	6.99105	79.9032
1	3804	15.546	7.01708	79.9184
1	3804	15.546	7.02278	79.921
1	3814.2857	11.699	6.99842	79.907
1	3821.1429	11.699	6.99286	79.9049
1	3821.1429	11.699	6.99518	79.9068
1	3822.8571	14.043	7.00802	79.9138
1	3826.2857	14.043	7.01409	79.917
1	3829.7143	17.077	7.03275	79.9199
1	3831.4286	14.043	7.0024	79.9068
1	3834.8571	14.043	7.00451	79.908
1	3846.8571	18.829	7.03802	79.9124
1	3872.5714	14.043	7.01047	79.9153
1	3896.5714	17.077	7.03756	79.9133
1	3929.1429	18.829	7.04255	79.9071
1	3942.8571	18.829	7.04054	79.9092
1	3946.2857	15.546	7.02589	79.9216
1	3946.2857	18.829	7.04691	79.9032
1	3948	18.829	7.04429	79.9049
1	3972	15.546	7.01972	79.9197
1	3996	15.546	7.01619	79.918
1	4025.1429	18.829	7.04853	79.9021
1	4026.8571	18.829	7.0388	79.911
1	4141.7143	17.077	7.03001	79.9214
1	4176	15.546	7.02864	79.9215
1	7470	1.9	6.92708	79.8612
2	3735.4286	8.676	6.97448	79.8991
2	3745.7143	8.676	6.96114	79.8946
2	3776.5714	8.676	6.97316	79.8988
2	3792	8.676	6.96298	79.8964
2	3795.4286	11.699	6.98883	79.8964
2	3805.7143	8.676	6.96572	79.8974
2	3834.8571	8.676	6.97007	79.8983
2	3845.1429	6.873	6.94785	79.887
2	3929.1429	14.043	7.00041	79.9068
2	3970.2857	10.026	6.97661	79.8994
2	3990.8571	6.873	6.96087	79.8941
2	3996	10.026	6.97566	79.8992
2	4002.8571	10.026	6.9846	79.8995
2	4006.2857	10.026	6.98719	79.9
2	4042.2857	10.026	6.9817	79.8998
2	4047.4286	11.699	6.99518	79.9068
2	4052.5714	6.873	6.94391	79.8846
2	4061.1429	11.699	6.99286	79.9049
2	4066.2857	11.699	6.99995	79.9067
2	4083.4286	11.699	6.99842	79.907
2	4093.7143	10.026	6.97919	79.8998
2	4114.2857	11.699	6.98928	79.9016
2	4141.7143	11.699	6.99105	79.9032
2	4148.5714	14.043	7.01047	79.9153
2	4153.7143	6.873	6.95471	79.8895
2	4157.1429	14.043	7.00594	79.9106
2	4162.2857	14.043	7.00802	79.9138
2	4170.8571	14.043	7.0024	79.9068
2	4170.8571	14.043	7.00451	79.908
2	4184.5714	14.043	7.01409	79.917
2	4208.5714	15.546	7.01619	79.918
2	4256.5714	3.668	6.93375	79.8747
2	4287.4286	3.668	6.93669	79.8782
2	4290.8571	1.9	6.93329	79.8525
2	4292.5714	6.873	6.94114	79.8829
2	4299.4286	3.668	6.93733	79.8787
2	4304.5714	6.873	6.9391	79.8807
2	4313.1429	3.668	6.93018	79.8678
2	4354.2857	1.9	6.92917	79.8649
2	4378.2857	6.873	6.95902	79.892
2	4385.1429	1.9	6.92813	79.8614
2	4407.4286	3.668	6.92947	79.8651
2	4414.2857	1.9	6.93248	79.8559
2	4446.8571	17.077	7.03001	79.9214
2	4455.4286	15.546	7.01972	79.9197
2	4458.8571	15.546	7.02278	79.921
2	4472.5714	3.668	6.93697	79.8782
2	4476	3.668	6.93162	79.8712
2	4489.7143	15.546	7.02864	79.9215
2	4494.8571	15.546	7.01708	79.9184
2	4496.5714	15.546	7.02589	79.9216
2	4501.7143	6.873	6.93743	79.8791
2	4549.7143	1.9	6.92885	79.8643
2	4649.1429	18.829	7.03802	79.9124
2	4685.1429	17.077	7.03756	79.9133
2	4716	17.077	7.03281	79.9173
2	4717.7143	17.077	7.03275	79.9199
2	4717.7143	17.077	7.0339	79.9156
2	4740	1.9	6.93349	79.8505
2	4740	17.077	7.03137	79.9212
2	4791.4286	17.077	7.03601	79.9146
2	4817.1429	1.9	6.93022	79.8585
2	4853.1429	20.556	7.0493	79.9016
2	4875.4286	18.829	7.04429	79.9049
2	4892.5714	18.829	7.04054	79.9092
2	4902.8571	18.829	7.0388	79.911
2	4904.5714	18.829	7.04255	79.9071
2	4909.7143	18.829	7.04691	79.9032
2	4909.7143	18.829	7.04853	79.9021
2	5012.5714	22.153	7.06291	79.8961
2	5084.5714	20.556	7.05428	79.9
2	5098.2857	20.556	7.05187	79.9002
2	5106.8571	20.556	7.05571	79.8997
2	5115.4286	20.556	7.05025	79.901
2	5149.7143	20.556	7.05779	79.8984
2	5168.5714	20.556	7.0622	79.8963
2	5240.5714	22.153	7.06476	79.8956
2	5292	22.153	7.07327	79.8933
2	5295.4286	22.153	7.0674	79.8949
2	5302.2857	22.153	7.07036	79.894
2	5304	22.153	7.07621	79.8926
2	5341.7143	22.153	7.07734	79.8922
2	5429.1429	23.934	7.07777	79.892
3	5177.1429	3.668	6.92947	79.8651
3	5189.1429	1.9	6.92813	79.8614
3	5209.7143	1.9	6.93022	79.8585
3	5245.7143	1.9	6.92885	79.8643
3	5271.4286	1.9	6.93248	79.8559
3	5274.8571	1.9	6.92917	79.8649
3	5372.5714	3.668	6.93697	79.8782
3	5401.7143	3.668	6.93162	79.8712
3	5408.5714	1.9	6.93349	79.8505
3	5410.2857	6.873	6.93743	79.8791
3	5424	1.9	6.93329	79.8525
3	5437.7143	3.668	6.93018	79.8678
3	5437.7143	3.668	6.93733	79.8787
3	5441.1429	3.668	6.93669	79.8782
3	5477.1429	3.668	6.93375	79.8747
3	5655.4286	6.873	6.9391	79.8807
3	5672.5714	6.873	6.94785	79.887
3	5689.7143	6.873	6.95471	79.8895
3	5694.8571	6.873	6.95902	79.892
3	5700	6.873	6.94114	79.8829
3	5737.7143	6.873	6.96087	79.8941
3	5746.2857	6.873	6.94391	79.8846
3	5751.4286	10.026	6.97566	79.8992
3	5837.1429	8.676	6.96114	79.8946
3	5979.4286	10.026	6.97919	79.8998
3	5986.2857	10.026	6.98719	79.9
3	6013.7143	10.026	6.9846	79.8995
3	6027.4286	10.026	6.9817	79.8998
3	6037.7143	10.026	6.97661	79.8994
3	6097.7143	8.676	6.97007	79.8983
3	6097.7143	8.676	6.97316	79.8988
3	6108	8.676	6.96572	79.8974
3	6118.2857	8.676	6.96298	79.8964
3	6120	8.676	6.97448	79.8991
3	6296.5714	11.699	6.98883	79.8964
3	6320.5714	14.043	7.00041	79.9068
3	6339.4286	20.556	7.05779	79.8984
3	6381.4286	23.934	7.07777	79.892
3	6462.8571	22.153	7.06476	79.8956
3	6464.5714	22.153	7.07621	79.8926
3	6536.5714	11.699	6.99518	79.9068
3	6536.5714	14.043	7.00594	79.9106
3	6553.7143	22.153	7.07734	79.8922
3	6557.1429	14.043	7.00451	79.908
3	6560.5714	14.043	7.01047	79.9153
3	6560.5714	20.556	7.05025	79.901
3	6565.7143	14.043	7.01409	79.917
3	6574.2857	11.699	6.98928	79.9016
3	6577.7143	11.699	6.99842	79.907
3	6582.8571	14.043	7.00802	79.9138
3	6591.4286	15.546	7.01619	79.918
3	6593.1429	11.699	6.99105	79.9032
3	6596.5714	20.556	7.0622	79.8963
3	6600	14.043	7.0024	79.9068
3	6605.1429	11.699	6.99286	79.9049
3	6615.4286	20.556	7.05187	79.9002
3	6617.1429	11.699	6.99995	79.9067
3	6618.8571	22.153	7.07327	79.8933
3	6651.4286	20.556	7.05571	79.8997
3	6653.1429	22.153	7.0674	79.8949
3	6661.7143	20.556	7.05428	79.9
3	6684	22.153	7.06291	79.8961
3	6708	22.153	7.07036	79.894
3	6785.1429	18.829	7.04853	79.9021
3	6786.8571	15.546	7.02864	79.9215
3	6795.4286	17.077	7.03001	79.9214
3	6804	15.546	7.01972	79.9197
3	6805.7143	20.556	7.0493	79.9016
3	6821.1429	15.546	7.02589	79.9216
3	6824.5714	17.077	7.03137	79.9212
3	6855.4286	15.546	7.01708	79.9184
3	6858.8571	15.546	7.02278	79.921
3	6872.5714	17.077	7.03756	79.9133
3	6876	18.829	7.04255	79.9071
3	6881.1429	18.829	7.04429	79.9049
3	6900	18.829	7.03802	79.9124
3	6901.7143	17.077	7.03275	79.9199
3	6910.2857	18.829	7.0388	79.911
3	6913.7143	17.077	7.03281	79.9173
3	6918.8571	17.077	7.0339	79.9156
3	6970.2857	17.077	7.03601	79.9146
3	7040.5714	18.829	7.04054	79.9092
3	7068	18.829	7.04691	79.9032
4	7282.2857	20.556	7.0493	79.9016
4	7282.2857	22.153	7.07036	79.894
4	7285.7143	20.556	7.05025	79.901
4	7294.2857	20.556	7.05571	79.8997
4	7302.8571	22.153	7.07327	79.8933
4	7356	22.153	7.07621	79.8926
4	7374.8571	20.556	7.05187	79.9002
4	7380	22.153	7.0674	79.8949
4	7383.4286	22.153	7.06476	79.8956
4	7386.8571	22.153	7.06291	79.8961
4	7402.2857	20.556	7.0622	79.8963
4	7419.4286	22.153	7.07734	79.8922
4	7422.8571	18.829	7.04691	79.9032
4	7429.7143	23.934	7.07777	79.892
4	7465.7143	20.556	7.05428	79.9
4	7506.8571	18.829	7.04054	79.9092
4	7536	20.556	7.05779	79.8984
4	7582.2857	18.829	7.04429	79.9049
4	7608	18.829	7.0388	79.911
4	7678.2857	18.829	7.04853	79.9021
4	7686.8571	17.077	7.03275	79.9199
4	7716	17.077	7.03756	79.9133
4	7741.7143	17.077	7.03137	79.9212
4	7765.7143	18.829	7.04255	79.9071
4	7896	17.077	7.03281	79.9173
4	7906.2857	17.077	7.03601	79.9146
4	7921.7143	17.077	7.0339	79.9156
4	7964.5714	1.9	6.93349	79.8505
4	8142.8571	18.829	7.03802	79.9124
4	8216.5714	15.546	7.02278	79.921
4	8232	3.668	6.92947	79.8651
4	8233.7143	1.9	6.93022	79.8585
4	8242.2857	1.9	6.93329	79.8525
4	8245.7143	1.9	6.92813	79.8614
4	8268	1.9	6.92917	79.8649
4	8268	1.9	6.93248	79.8559
4	8274.8571	1.9	6.92885	79.8643
4	8281.7143	14.043	7.00594	79.9106
4	8293.7143	14.043	7.01409	79.917
4	8343.4286	10.026	6.9846	79.8995
4	8350.2857	15.546	7.01708	79.9184
4	8360.5714	15.546	7.02864	79.9215
4	8369.1429	14.043	7.00802	79.9138
4	8369.1429	15.546	7.01619	79.918
4	8374.2857	14.043	7.0024	79.9068
4	8376	14.043	7.00451	79.908
4	8377.7143	14.043	7.01047	79.9153
4	8384.5714	15.546	7.02589	79.9216
4	8425.7143	6.873	6.93743	79.8791
4	8427.4286	10.026	6.9817	79.8998
4	8460	3.668	6.93018	79.8678
4	8472	15.546	7.01972	79.9197
4	8475.4286	3.668	6.93669	79.8782
4	8484	10.026	6.98719	79.9
4	8484	11.699	6.98928	79.9016
4	8494.2857	3.668	6.93162	79.8712
4	8501.1429	3.668	6.93733	79.8787
4	8525.1429	8.676	6.96298	79.8964
4	8540.5714	11.699	6.99842	79.907
4	8545.7143	17.077	7.03001	79.9214
4	8549.1429	3.668	6.93697	79.8782
4	8557.7143	3.668	6.93375	79.8747
4	8562.8571	10.026	6.97661	79.8994
4	8574.8571	11.699	6.98883	79.8964
4	8578.2857	10.026	6.97919	79.8998
4	8581.7143	8.676	6.97448	79.8991
4	8610.8571	10.026	6.97566	79.8992
4	8640	8.676	6.96572	79.8974
4	8640	11.699	6.99995	79.9067
4	8650.2857	6.873	6.94391	79.8846
4	8655.4286	6.873	6.9391	79.8807
4	8657.1429	11.699	6.99518	79.9068
4	8664	11.699	6.99286	79.9049
4	8670.8571	8.676	6.96114	79.8946
4	8670.8571	8.676	6.97316	79.8988
4	8672.5714	14.043	7.00041	79.9068
4	8694.8571	6.873	6.94785	79.887
4	8700	8.676	6.97007	79.8983
4	8718.8571	6.873	6.95471	79.8895
4	8720.5714	6.873	6.94114	79.8829
4	8734.2857	11.699	6.99105	79.9032
4	8736	6.873	6.96087	79.8941
4	8777.1429	6.873	6.95902	79.892
5	2840.5714	8.676	6.96298	79.8964
5	2905.7143	10.026	6.97566	79.8992
5	3027.4286	8.676	6.96572	79.8974
5	3065.1429	11.699	6.98883	79.8964
5	3096	3.668	6.93375	79.8747
5	3147.4286	14.043	7.00041	79.9068
5	3149.1429	10.026	6.9846	79.8995
5	3150.8571	8.676	6.97007	79.8983
5	3156	10.026	6.97919	79.8998
5	3162.8571	10.026	6.97661	79.8994
5	3174.8571	10.026	6.98719	79.9
5	3178.2857	10.026	6.9817	79.8998
5	3198.8571	6.873	6.95902	79.892
5	3234.8571	8.676	6.97448	79.8991
5	3250.2857	8.676	6.96114	79.8946
5	3262.2857	8.676	6.97316	79.8988
5	3272.5714	3.668	6.93733	79.8787
5	3277.7143	6.873	6.95471	79.8895
5	3289.7143	11.699	6.99105	79.9032
5	3294.8571	11.699	6.99286	79.9049
5	3308.5714	6.873	6.9391	79.8807
5	3325.7143	11.699	6.99995	79.9067
5	3336	6.873	6.94785	79.887
5	3341.1429	11.699	6.99518	79.9068
5	3342.8571	15.546	7.01619	79.918
5	3344.5714	3.668	6.93669	79.8782
5	3348	11.699	6.99842	79.907
5	3349.7143	6.873	6.94114	79.8829
5	3351.4286	3.668	6.93018	79.8678
5	3361.7143	11.699	6.98928	79.9016
5	3363.4286	14.043	7.0024	79.9068
5	3394.2857	14.043	7.00451	79.908
5	3396	6.873	6.96087	79.8941
5	3402.8571	6.873	6.94391	79.8846
5	3421.7143	14.043	7.00594	79.9106
5	3432	3.668	6.93162	79.8712
5	3432	14.043	7.01047	79.9153
5	3449.1429	14.043	7.01409	79.917
5	3454.2857	3.668	6.92947	79.8651
5	3478.2857	3.668	6.93697	79.8782
5	3492	14.043	7.00802	79.9138
5	3500.5714	6.873	6.93743	79.8791
5	3586.2857	15.546	7.01972	79.9197
5	3589.7143	15.546	7.02864	79.9215
5	3594.8571	15.546	7.02278	79.921
5	3624	1.9	6.93329	79.8525
5	3641.1429	1.9	6.93022	79.8585
5	3641.1429	15.546	7.02589	79.9216
5	3653.1429	1.9	6.92917	79.8649
5	3672	15.546	7.01708	79.9184
5	3713.1429	17.077	7.03001	79.9214
5	3833.1429	1.9	6.92813	79.8614
5	3886.2857	1.9	6.93248	79.8559
5	3896.5714	1.9	6.93349	79.8505
5	3944.5714	17.077	7.03756	79.9133
5	3958.2857	1.9	6.92885	79.8643
5	3958.2857	17.077	7.03137	79.9212
5	3968.5714	17.077	7.03601	79.9146
5	3984	17.077	7.0339	79.9156
5	3989.1429	17.077	7.03275	79.9199
5	4006.2857	18.829	7.03802	79.9124
5	4013.1429	17.077	7.03281	79.9173
5	4200	20.556	7.0493	79.9016
5	4239.4286	22.153	7.06291	79.8961
5	4268.5714	18.829	7.04255	79.9071
5	4272	18.829	7.04691	79.9032
5	4275.4286	18.829	7.0388	79.911
5	4280.5714	18.829	7.04054	79.9092
5	4282.2857	18.829	7.04429	79.9049
5	4302.8571	23.934	7.07777	79.892
5	4314.8571	18.829	7.04853	79.9021
5	4424.5714	20.556	7.05571	79.8997
5	4445.1429	20.556	7.05779	79.8984
5	4450.2857	20.556	7.05187	79.9002
5	4452	20.556	7.05428	79.9
5	4460.5714	20.556	7.05025	79.901
5	4460.5714	22.153	7.06476	79.8956
5	4488	22.153	7.07734	79.8922
5	4496.5714	20.556	7.0622	79.8963
5	4510.2857	22.153	7.07036	79.894
5	4513.7143	22.153	7.07621	79.8926
5	4515.4286	22.153	7.0674	79.8949
5	4517.1429	22.153	7.07327	79.8933
6	4224	17.077	7.03001	79.9214
6	4371.4286	11.699	6.99842	79.907
6	4429.7143	10.026	6.9846	79.8995
6	4438.2857	10.026	6.97919	79.8998
6	4445.1429	17.077	7.03275	79.9199
6	4455.4286	17.077	7.03756	79.9133
6	4470.8571	11.699	6.99518	79.9068
6	4481.1429	10.026	6.98719	79.9
6	4486.2857	11.699	6.98928	79.9016
6	4494.8571	17.077	7.03281	79.9173
6	4524	14.043	7.00802	79.9138
6	4530.8571	17.077	7.03137	79.9212
6	4548	17.077	7.03601	79.9146
6	4549.7143	11.699	6.99286	79.9049
6	4554.8571	17.077	7.0339	79.9156
6	4568.5714	10.026	6.9817	79.8998
6	4585.7143	11.699	6.99105	79.9032
6	4592.5714	14.043	7.01047	79.9153
6	4601.1429	14.043	7.00594	79.9106
6	4602.8571	10.026	6.97661	79.8994
6	4616.5714	14.043	7.00451	79.908
6	4659.4286	11.699	6.99995	79.9067
6	4668	15.546	7.01708	79.9184
6	4716	14.043	7.01409	79.917
6	4726.2857	14.043	7.0024	79.9068
6	4752	15.546	7.02864	79.9215
6	4767.4286	15.546	7.01972	79.9197
6	4774.2857	11.699	6.98883	79.8964
6	4776	15.546	7.01619	79.918
6	4781.1429	18.829	7.03802	79.9124
6	4800	14.043	7.00041	79.9068
6	4834.2857	15.546	7.02278	79.921
6	4839.4286	8.676	6.97007	79.8983
6	4897.7143	8.676	6.96572	79.8974
6	4906.2857	15.546	7.02589	79.9216
6	4974.8571	8.676	6.97448	79.8991
6	4981.7143	10.026	6.97566	79.8992
6	4983.4286	18.829	7.04429	79.9049
6	5012.5714	18.829	7.04853	79.9021
6	5040	18.829	7.0388	79.911
6	5045.1429	6.873	6.9391	79.8807
6	5050.2857	18.829	7.04691	79.9032
6	5069.1429	18.829	7.04054	79.9092
6	5069.1429	20.556	7.0493	79.9016
6	5079.4286	18.829	7.04255	79.9071
6	5082.8571	6.873	6.95902	79.892
6	5096.5714	8.676	6.96298	79.8964
6	5106.8571	8.676	6.97316	79.8988
6	5158.2857	22.153	7.06291	79.8961
6	5196	6.873	6.94391	79.8846
6	5208	8.676	6.96114	79.8946
6	5221.7143	6.873	6.93743	79.8791
6	5250.8571	6.873	6.94114	79.8829
6	5281.7143	20.556	7.05779	79.8984
6	5283.4286	6.873	6.94785	79.887
6	5300.5714	6.873	6.96087	79.8941
6	5310.8571	20.556	7.05187	79.9002
6	5329.7143	20.556	7.05428	79.9
6	5331.4286	20.556	7.0622	79.8963
6	5345.1429	3.668	6.93697	79.8782
6	5358.8571	20.556	7.05571	79.8997
6	5364	6.873	6.95471	79.8895
6	5382.8571	20.556	7.05025	79.901
6	5384.5714	22.153	7.06476	79.8956
6	5410.2857	22.153	7.07734	79.8922
6	5414.5714	23.934	7.07777	79.892
6	5422.2857	22.153	7.07036	79.894
6	5424	3.668	6.93162	79.8712
6	5425.7143	22.153	7.07327	79.8933
6	5427.4286	3.668	6.93018	79.8678
6	5448	3.668	6.93669	79.8782
6	5456.5714	22.153	7.0674	79.8949
6	5466.8571	22.153	7.07621	79.8926
6	5562.8571	3.668	6.93733	79.8787
6	5593.7143	1.9	6.93022	79.8585
6	5641.7143	1.9	6.93329	79.8525
6	5682.8571	3.668	6.93375	79.8747
6	5712	1.9	6.92917	79.8649
6	5727.4286	1.9	6.92813	79.8614
6	5785.7143	1.9	6.92885	79.8643
6	5816.5714	1.9	6.93248	79.8559
6	5895.4286	1.9	6.93349	79.8505
6	6065.1429	3.668	6.92947	79.8651
7	5993.1429	22.153	7.07327	79.8933
7	6068.5714	22.153	7.06476	79.8956
7	6080.5714	23.934	7.07777	79.892
7	6082.2857	22.153	7.07734	79.8922
7	6090.8571	22.153	7.0674	79.8949
7	6092.5714	20.556	7.0622	79.8963
7	6102.8571	22.153	7.07036	79.894
7	6193.7143	20.556	7.05025	79.901
7	6195.4286	1.9	6.93349	79.8505
7	6222.8571	18.829	7.04429	79.9049
7	6234.8571	20.556	7.05779	79.8984
7	6236.5714	20.556	7.05428	79.9
7	6274.2857	20.556	7.05187	79.9002
7	6344.5714	22.153	7.07621	79.8926
7	6346.2857	20.556	7.05571	79.8997
7	6397.7143	17.077	7.03601	79.9146
7	6423.4286	1.9	6.93329	79.8525
7	6426.8571	18.829	7.0388	79.911
7	6440.5714	17.077	7.03756	79.9133
7	6440.5714	18.829	7.04691	79.9032
7	6449.1429	1.9	6.93022	79.8585
7	6452.5714	18.829	7.04054	79.9092
7	6469.7143	17.077	7.03281	79.9173
7	6478.2857	1.9	6.93248	79.8559
7	6480	1.9	6.92917	79.8649
7	6490.2857	1.9	6.92813	79.8614
7	6495.4286	1.9	6.92885	79.8643
7	6497.1429	6.873	6.93743	79.8791
7	6502.2857	17.077	7.0339	79.9156
7	6536.5714	3.668	6.92947	79.8651
7	6550.2857	22.153	7.06291	79.8961
7	6601.7143	17.077	7.03137	79.9212
7	6606.8571	18.829	7.04255	79.9071
7	6653.1429	18.829	7.04853	79.9021
7	6653.1429	20.556	7.0493	79.9016
7	6663.4286	17.077	7.03275	79.9199
7	6704.5714	6.873	6.95471	79.8895
7	6718.2857	6.873	6.94114	79.8829
7	6761.1429	3.668	6.93162	79.8712
7	6766.2857	3.668	6.93669	79.8782
7	6773.1429	3.668	6.93375	79.8747
7	6774.8571	6.873	6.9391	79.8807
7	6790.2857	6.873	6.94785	79.887
7	6795.4286	6.873	6.96087	79.8941
7	6800.5714	3.668	6.93733	79.8787
7	6800.5714	6.873	6.94391	79.8846
7	6807.4286	3.668	6.93018	79.8678
7	6816	6.873	6.95902	79.892
7	6819.4286	18.829	7.03802	79.9124
7	6826.2857	15.546	7.01972	79.9197
7	6848.5714	3.668	6.93697	79.8782
7	6877.7143	17.077	7.03001	79.9214
7	6903.4286	15.546	7.02278	79.921
7	6937.7143	10.026	6.97919	79.8998
7	6942.8571	14.043	7.0024	79.9068
7	6942.8571	14.043	7.00594	79.9106
7	6949.7143	15.546	7.02864	79.9215
7	6972	8.676	6.96114	79.8946
7	6977.1429	14.043	7.00802	79.9138
7	6992.5714	14.043	7.01409	79.917
7	7018.2857	11.699	6.98928	79.9016
7	7028.5714	14.043	7.00041	79.9068
7	7037.1429	14.043	7.01047	79.9153
7	7050.8571	14.043	7.00451	79.908
7	7085.1429	8.676	6.96572	79.8974
7	7124.5714	15.546	7.01619	79.918
7	7126.2857	15.546	7.01708	79.9184
7	7126.2857	15.546	7.02589	79.9216
7	7136.5714	10.026	6.97661	79.8994
7	7140	8.676	6.97448	79.8991
7	7141.7143	11.699	6.99105	79.9032
7	7153.7143	8.676	6.96298	79.8964
7	7176	10.026	6.9846	79.8995
7	7215.4286	10.026	6.97566	79.8992
7	7222.2857	11.699	6.99518	79.9068
7	7224	10.026	6.9817	79.8998
7	7270.2857	8.676	6.97316	79.8988
7	7275.4286	8.676	6.97007	79.8983
7	7301.1429	11.699	6.99842	79.907
7	7321.7143	10.026	6.98719	79.9
7	7371.4286	11.699	6.99995	79.9067
7	7409.1429	11.699	6.99286	79.9049
7	7436.5714	11.699	6.98883	79.8964
8	6308.5714	8.676	6.96572	79.8974
8	6344.5714	11.699	6.99286	79.9049
8	6373.7143	11.699	6.98883	79.8964
8	6382.2857	11.699	6.98928	79.9016
8	6385.7143	11.699	6.99105	79.9032
8	6401.1429	10.026	6.97661	79.8994
8	6408	14.043	7.0024	79.9068
8	6409.7143	8.676	6.97316	79.8988
8	6420	14.043	7.01047	79.9153
8	6423.4286	8.676	6.96298	79.8964
8	6432	11.699	6.99842	79.907
8	6438.8571	10.026	6.97919	79.8998
8	6438.8571	11.699	6.99995	79.9067
8	6444	14.043	7.00041	79.9068
8	6447.4286	11.699	6.99518	79.9068
8	6450.8571	14.043	7.00802	79.9138
8	6468	14.043	7.00594	79.9106
8	6476.5714	8.676	6.97448	79.8991
8	6476.5714	15.546	7.01619	79.918
8	6488.5714	14.043	7.01409	79.917
8	6502.2857	10.026	6.98719	79.9
8	6504	8.676	6.97007	79.8983
8	6512.5714	6.873	6.96087	79.8941
8	6512.5714	14.043	7.00451	79.908
8	6536.5714	6.873	6.95471	79.8895
8	6543.4286	6.873	6.9391	79.8807
8	6548.5714	6.873	6.94114	79.8829
8	6594.8571	6.873	6.94785	79.887
8	6648	18.829	7.03802	79.9124
8	6656.5714	8.676	6.96114	79.8946
8	6697.7143	10.026	6.9846	79.8995
8	6702.8571	15.546	7.01972	79.9197
8	6723.4286	15.546	7.02278	79.921
8	6738.8571	10.026	6.9817	79.8998
8	6740.5714	6.873	6.94391	79.8846
8	6747.4286	15.546	7.01708	79.9184
8	6749.1429	15.546	7.02589	79.9216
8	6759.4286	17.077	7.03001	79.9214
8	6792	15.546	7.02864	79.9215
8	6793.7143	10.026	6.97566	79.8992
8	6860.5714	18.829	7.04255	79.9071
8	6867.4286	6.873	6.95902	79.892
8	6891.4286	18.829	7.0388	79.911
8	6901.7143	18.829	7.04429	79.9049
8	6920.5714	18.829	7.04054	79.9092
8	6941.1429	18.829	7.04691	79.9032
8	6951.4286	18.829	7.04853	79.9021
8	6992.5714	17.077	7.0339	79.9156
8	7018.2857	17.077	7.03756	79.9133
8	7023.4286	17.077	7.03601	79.9146
8	7030.2857	17.077	7.03137	79.9212
8	7066.2857	17.077	7.03281	79.9173
8	7069.7143	6.873	6.93743	79.8791
8	7069.7143	17.077	7.03275	79.9199
8	7124.5714	1.9	6.92885	79.8643
8	7131.4286	1.9	6.93022	79.8585
8	7169.1429	20.556	7.0493	79.9016
8	7172.5714	3.668	6.93733	79.8787
8	7205.1429	3.668	6.93697	79.8782
8	7213.7143	3.668	6.93162	79.8712
8	7218.8571	3.668	6.93375	79.8747
8	7225.7143	1.9	6.92917	79.8649
8	7251.4286	3.668	6.93018	79.8678
8	7254.8571	1.9	6.93329	79.8525
8	7332	22.153	7.06291	79.8961
8	7385.1429	1.9	6.93349	79.8505
8	7410.8571	20.556	7.05025	79.901
8	7417.7143	1.9	6.92813	79.8614
8	7426.2857	20.556	7.0622	79.8963
8	7428	20.556	7.05571	79.8997
8	7448.5714	20.556	7.05187	79.9002
8	7452	20.556	7.05779	79.8984
8	7472.5714	20.556	7.05428	79.9
8	7474.2857	1.9	6.93248	79.8559
8	7489.7143	3.668	6.92947	79.8651
8	7525.7143	22.153	7.07036	79.894
8	7548	22.153	7.0674	79.8949
8	7548	22.153	7.07327	79.8933
8	7599.4286	22.153	7.07734	79.8922
8	7604.5714	22.153	7.06476	79.8956
8	7621.7143	23.934	7.07777	79.892
8	7625.1429	3.668	6.93669	79.8782
8	7640.5714	22.153	7.07621	79.8926
9	6649.7143	14.043	7.00041	79.9068
9	6651.4286	11.699	6.98883	79.8964
9	6704.5714	8.676	6.97007	79.8983
9	6764.5714	10.026	6.9817	79.8998
9	6771.4286	10.026	6.9846	79.8995
9	6852	8.676	6.97448	79.8991
9	6857.1429	10.026	6.97566	79.8992
9	6879.4286	6.873	6.95471	79.8895
9	6879.4286	14.043	7.0024	79.9068
9	6889.7143	11.699	6.99842	79.907
9	6891.4286	11.699	6.99995	79.9067
9	6915.4286	11.699	6.99286	79.9049
9	6922.2857	14.043	7.00594	79.9106
9	6922.2857	14.043	7.00802	79.9138
9	6925.7143	8.676	6.97316	79.8988
9	6927.4286	10.026	6.97919	79.8998
9	6927.4286	11.699	6.98928	79.9016
9	6927.4286	14.043	7.00451	79.908
9	6934.2857	8.676	6.96572	79.8974
9	6934.2857	14.043	7.01047	79.9153
9	6939.4286	11.699	6.99105	79.9032
9	6946.2857	11.699	6.99518	79.9068
9	6951.4286	14.043	7.01409	79.917
9	6954.8571	6.873	6.94391	79.8846
9	6968.5714	3.668	6.93697	79.8782
9	6972	6.873	6.9391	79.8807
9	6984	6.873	6.95902	79.892
9	7018.2857	6.873	6.96087	79.8941
9	7025.1429	8.676	6.96298	79.8964
9	7056	6.873	6.94785	79.887
9	7062.8571	3.668	6.93018	79.8678
9	7069.7143	3.668	6.93733	79.8787
9	7095.4286	3.668	6.93375	79.8747
9	7114.2857	10.026	6.97661	79.8994
9	7121.1429	15.546	7.01619	79.918
9	7129.7143	10.026	6.98719	79.9
9	7152	3.668	6.93669	79.8782
9	7172.5714	17.077	7.03001	79.9214
9	7203.4286	8.676	6.96114	79.8946
9	7206.8571	6.873	6.94114	79.8829
9	7225.7143	3.668	6.93162	79.8712
9	7236	3.668	6.92947	79.8651
9	7239.4286	6.873	6.93743	79.8791
9	7272	1.9	6.93349	79.8505
9	7273.7143	1.9	6.92917	79.8649
9	7313.1429	1.9	6.93248	79.8559
9	7318.2857	1.9	6.93022	79.8585
9	7326.8571	1.9	6.92813	79.8614
9	7347.4286	1.9	6.92885	79.8643
9	7350.8571	15.546	7.01972	79.9197
9	7357.7143	15.546	7.01708	79.9184
9	7364.5714	18.829	7.03802	79.9124
9	7380	15.546	7.02278	79.921
9	7392	15.546	7.02864	79.9215
9	7419.4286	17.077	7.0339	79.9156
9	7422.8571	17.077	7.03756	79.9133
9	7426.2857	15.546	7.02589	79.9216
9	7453.7143	17.077	7.03601	79.9146
9	7462.2857	17.077	7.03281	79.9173
9	7464	17.077	7.03275	79.9199
9	7488	1.9	6.93329	79.8525
9	7498.2857	17.077	7.03137	79.9212
9	7602.8571	18.829	7.04853	79.9021
9	7611.4286	18.829	7.04691	79.9032
9	7621.7143	18.829	7.04054	79.9092
9	7640.5714	18.829	7.04255	79.9071
9	7647.4286	20.556	7.0493	79.9016
9	7652.5714	18.829	7.0388	79.911
9	7666.2857	18.829	7.04429	79.9049
9	7916.5714	20.556	7.0622	79.8963
9	7921.7143	20.556	7.05025	79.901
9	7923.4286	20.556	7.05571	79.8997
9	7926.8571	20.556	7.05779	79.8984
9	7950.8571	20.556	7.05428	79.9
9	7962.8571	20.556	7.05187	79.9002
9	8021.1429	22.153	7.06291	79.8961
9	8256	22.153	7.0674	79.8949
9	8268	23.934	7.07777	79.892
9	8271.4286	22.153	7.07036	79.894
9	8292	22.153	7.07327	79.8933
9	8304	22.153	7.07621	79.8926
9	8305.7143	22.153	7.07734	79.8922
9	8309.1429	22.153	7.06476	79.8956
10	6925.7143	15.546	7.01619	79.918
10	6992.5714	17.077	7.03001	79.9214
10	7052.5714	15.546	7.02864	79.9215
10	7059.4286	14.043	7.0024	79.9068
10	7104	15.546	7.01972	79.9197
10	7133.1429	15.546	7.01708	79.9184
10	7157.1429	14.043	7.01409	79.917
10	7164	15.546	7.02278	79.921
10	7169.1429	15.546	7.02589	79.9216
10	7170.8571	8.676	6.96572	79.8974
10	7184.5714	14.043	7.00594	79.9106
10	7210.2857	14.043	7.00802	79.9138
10	7212	8.676	6.96298	79.8964
10	7253.1429	14.043	7.00451	79.908
10	7254.8571	17.077	7.03137	79.9212
10	7260	14.043	7.00041	79.9068
10	7261.7143	17.077	7.03601	79.9146
10	7263.4286	8.676	6.97316	79.8988
10	7263.4286	18.829	7.03802	79.9124
10	7265.1429	17.077	7.03275	79.9199
10	7275.4286	17.077	7.03756	79.9133
10	7282.2857	17.077	7.03281	79.9173
10	7284	8.676	6.97007	79.8983
10	7296	17.077	7.0339	79.9156
10	7314.8571	8.676	6.97448	79.8991
10	7344	11.699	6.99518	79.9068
10	7352.5714	10.026	6.97661	79.8994
10	7352.5714	10.026	6.98719	79.9
10	7366.2857	11.699	6.99842	79.907
10	7386.8571	6.873	6.95471	79.8895
10	7395.4286	14.043	7.01047	79.9153
10	7407.4286	10.026	6.97566	79.8992
10	7436.5714	11.699	6.99105	79.9032
10	7443.4286	11.699	6.98928	79.9016
10	7453.7143	10.026	6.9817	79.8998
10	7479.4286	6.873	6.9391	79.8807
10	7488	10.026	6.97919	79.8998
10	7489.7143	18.829	7.04853	79.9021
10	7498.2857	10.026	6.9846	79.8995
10	7503.4286	18.829	7.04255	79.9071
10	7515.4286	20.556	7.0493	79.9016
10	7522.2857	11.699	6.99286	79.9049
10	7532.5714	18.829	7.04429	79.9049
10	7542.8571	18.829	7.0388	79.911
10	7558.2857	6.873	6.96087	79.8941
10	7573.7143	18.829	7.04054	79.9092
10	7577.1429	18.829	7.04691	79.9032
10	7594.2857	11.699	6.99995	79.9067
10	7596	6.873	6.95902	79.892
10	7712.5714	22.153	7.06291	79.8961
10	7736.5714	6.873	6.94391	79.8846
10	7748.5714	20.556	7.05025	79.901
10	7757.1429	8.676	6.96114	79.8946
10	7769.1429	20.556	7.05779	79.8984
10	7774.2857	20.556	7.05187	79.9002
10	7779.4286	6.873	6.94785	79.887
10	7793.1429	3.668	6.93733	79.8787
10	7794.8571	6.873	6.94114	79.8829
10	7803.4286	20.556	7.05428	79.9
10	7806.8571	3.668	6.93162	79.8712
10	7810.2857	20.556	7.0622	79.8963
10	7825.7143	20.556	7.05571	79.8997
10	7878.8571	6.873	6.93743	79.8791
10	7889.1429	11.699	6.98883	79.8964
10	7945.7143	22.153	7.07734	79.8922
10	7954.2857	22.153	7.07036	79.894
10	7976.5714	22.153	7.06476	79.8956
10	7980	22.153	7.0674	79.8949
10	7980	22.153	7.07327	79.8933
10	8007.4286	22.153	7.07621	79.8926
10	8017.7143	3.668	6.93697	79.8782
10	8050.2857	3.668	6.93375	79.8747
10	8108.5714	1.9	6.93022	79.8585
10	8161.7143	3.668	6.93669	79.8782
10	8170.2857	3.668	6.93018	79.8678
10	8203.7143	23.934	7.07777	79.892
10	8233.7143	1.9	6.92813	79.8614
10	8305.7143	1.9	6.92885	79.8643
10	8336.5714	1.9	6.93248	79.8559
10	8340	1.9	6.92917	79.8649
10	8406.8571	1.9	6.93349	79.8505
10	8444.5714	3.668	6.92947	79.8651
10	8456.5714	1.9	6.93329	79.8525
11	7632	1.9	6.93349	79.8505
11	7854.8571	3.668	6.92947	79.8651
11	7890.8571	1.9	6.92917	79.8649
11	7890.8571	1.9	6.93248	79.8559
11	7928.5714	20.556	7.05187	79.9002
11	7930.2857	1.9	6.92885	79.8643
11	7930.2857	1.9	6.93329	79.8525
11	7932	1.9	6.93022	79.8585
11	7933.7143	1.9	6.92813	79.8614
11	7974.8571	20.556	7.05779	79.8984
11	8036.5714	20.556	7.05428	79.9
11	8065.7143	22.153	7.07327	79.8933
11	8082.8571	20.556	7.05025	79.901
11	8086.2857	3.668	6.93697	79.8782
11	8106.8571	3.668	6.93375	79.8747
11	8108.5714	20.556	7.0622	79.8963
11	8115.4286	3.668	6.93018	79.8678
11	8120.5714	3.668	6.93669	79.8782
11	8126.5714	23.934	7.07777	79.892
11	8130.8571	6.873	6.93743	79.8791
11	8137.7143	20.556	7.0493	79.9016
11	8137.7143	22.153	7.07734	79.8922
11	8142.8571	20.556	7.05571	79.8997
11	8151.4286	3.668	6.93733	79.8787
11	8153.1429	22.153	7.07036	79.894
11	8173.7143	3.668	6.93162	79.8712
11	8202.8571	22.153	7.06476	79.8956
11	8290.2857	22.153	7.0674	79.8949
11	8355.4286	6.873	6.9391	79.8807
11	8367.4286	6.873	6.96087	79.8941
11	8369.1429	6.873	6.94785	79.887
11	8379.4286	6.873	6.95902	79.892
11	8384.5714	22.153	7.07621	79.8926
11	8396.5714	6.873	6.94391	79.8846
11	8413.7143	6.873	6.95471	79.8895
11	8434.2857	6.873	6.94114	79.8829
11	8461.7143	8.676	6.96114	79.8946
11	8523.4286	22.153	7.06291	79.8961
11	8609.1429	18.829	7.0388	79.911
11	8616	10.026	6.97566	79.8992
11	8633.1429	15.546	7.02864	79.9215
11	8706.8571	8.676	6.97316	79.8988
11	8715.4286	17.077	7.03756	79.9133
11	8718.8571	8.676	6.96298	79.8964
11	8724	8.676	6.97007	79.8983
11	8725.7143	8.676	6.97448	79.8991
11	8729.1429	8.676	6.96572	79.8974
11	8751.4286	17.077	7.0339	79.9156
11	8784	17.077	7.03275	79.9199
11	8813.1429	11.699	6.98883	79.8964
11	8825.1429	15.546	7.02589	79.9216
11	8844	18.829	7.04853	79.9021
11	8850.8571	10.026	6.98719	79.9
11	8850.8571	18.829	7.04429	79.9049
11	8856	18.829	7.03802	79.9124
11	8859.4286	14.043	7.00802	79.9138
11	8864.5714	15.546	7.01708	79.9184
11	8883.4286	10.026	6.9817	79.8998
11	8892	15.546	7.01972	79.9197
11	8898.8571	10.026	6.97919	79.8998
11	8909.1429	10.026	6.9846	79.8995
11	8922.8571	14.043	7.00594	79.9106
11	8934.8571	18.829	7.04255	79.9071
11	8941.7143	10.026	6.97661	79.8994
11	8958.8571	11.699	6.98928	79.9016
11	8964	18.829	7.04691	79.9032
11	8993.1429	18.829	7.04054	79.9092
11	9006.8571	11.699	6.99995	79.9067
11	9015.4286	14.043	7.00041	79.9068
11	9017.1429	14.043	7.01409	79.917
11	9018.8571	11.699	6.99286	79.9049
11	9018.8571	17.077	7.03137	79.9212
11	9024	17.077	7.03281	79.9173
11	9027.4286	11.699	6.99105	79.9032
11	9041.1429	15.546	7.02278	79.921
11	9051.4286	14.043	7.00451	79.908
11	9054.8571	11.699	6.99518	79.9068
11	9066.8571	14.043	7.0024	79.9068
11	9068.5714	17.077	7.03601	79.9146
11	9090.8571	15.546	7.01619	79.918
11	9104.5714	11.699	6.99842	79.907
11	9176.5714	17.077	7.03001	79.9214
11	9246.8571	14.043	7.01047	79.9153
12	7794	23.934	7.07777	79.892
12	7817.1429	1.9	6.93349	79.8505
12	8060.5714	1.9	6.92813	79.8614
12	8062.2857	3.668	6.92947	79.8651
12	8064	1.9	6.93022	79.8585
12	8081.1429	1.9	6.92917	79.8649
12	8082.8571	22.153	7.0674	79.8949
12	8086.2857	1.9	6.93329	79.8525
12	8089.7143	1.9	6.92885	79.8643
12	8101.7143	1.9	6.93248	79.8559
12	8105.1429	6.873	6.93743	79.8791
12	8129.1429	22.153	7.06476	79.8956
12	8184	22.153	7.07036	79.894
12	8209.7143	18.829	7.04853	79.9021
12	8213.1429	22.153	7.07734	79.8922
12	8232	22.153	7.06291	79.8961
12	8240.5714	22.153	7.07327	79.8933
12	8245.7143	20.556	7.05571	79.8997
12	8261.1429	18.829	7.04691	79.9032
12	8271.4286	22.153	7.07621	79.8926
12	8304	20.556	7.0622	79.8963
12	8322.8571	3.668	6.93733	79.8787
12	8329.7143	6.873	6.9391	79.8807
12	8331.4286	3.668	6.93697	79.8782
12	8338.2857	6.873	6.94785	79.887
12	8341.7143	3.668	6.93375	79.8747
12	8353.7143	6.873	6.94391	79.8846
12	8357.1429	3.668	6.93162	79.8712
12	8369.1429	3.668	6.93018	79.8678
12	8377.7143	20.556	7.05779	79.8984
12	8382.8571	3.668	6.93669	79.8782
12	8382.8571	18.829	7.0388	79.911
12	8386.2857	6.873	6.94114	79.8829
12	8391.4286	6.873	6.95471	79.8895
12	8394.8571	20.556	7.05187	79.9002
12	8398.2857	6.873	6.95902	79.892
12	8403.4286	20.556	7.05025	79.901
12	8405.1429	6.873	6.96087	79.8941
12	8425.7143	18.829	7.04054	79.9092
12	8429.1429	8.676	6.96114	79.8946
12	8460	18.829	7.04429	79.9049
12	8477.1429	17.077	7.03281	79.9173
12	8564.5714	20.556	7.05428	79.9
12	8566.2857	17.077	7.0339	79.9156
12	8576.5714	17.077	7.03275	79.9199
12	8626.2857	17.077	7.03137	79.9212
12	8629.7143	18.829	7.04255	79.9071
12	8672.5714	17.077	7.03601	79.9146
12	8682.8571	15.546	7.02278	79.921
12	8688	8.676	6.96572	79.8974
12	8696.5714	17.077	7.03001	79.9214
12	8698.2857	8.676	6.97007	79.8983
12	8700	18.829	7.03802	79.9124
12	8712	8.676	6.96298	79.8964
12	8722.2857	8.676	6.97316	79.8988
12	8734.2857	14.043	7.0024	79.9068
12	8734.2857	15.546	7.02589	79.9216
12	8739.4286	8.676	6.97448	79.8991
12	8761.7143	17.077	7.03756	79.9133
12	8775.4286	11.699	6.98883	79.8964
12	8792.5714	15.546	7.02864	79.9215
12	8828.5714	20.556	7.0493	79.9016
12	8832	15.546	7.01708	79.9184
12	8837.1429	14.043	7.00802	79.9138
12	8868	15.546	7.01972	79.9197
12	8892	14.043	7.00451	79.908
12	8895.4286	10.026	6.97566	79.8992
12	8976	11.699	6.99995	79.9067
12	8979.4286	11.699	6.98928	79.9016
12	8994.8571	11.699	6.99518	79.9068
12	9012	10.026	6.97919	79.8998
12	9020.5714	11.699	6.99105	79.9032
12	9020.5714	11.699	6.99286	79.9049
12	9049.7143	10.026	6.9817	79.8998
12	9049.7143	11.699	6.99842	79.907
12	9065.1429	14.043	7.01409	79.917
12	9068.5714	14.043	7.00041	79.9068
12	9072	10.026	6.98719	79.9
12	9101.1429	10.026	6.9846	79.8995
12	9123.4286	14.043	7.01047	79.9153
12	9135.4286	15.546	7.01619	79.918
12	9138.8571	14.043	7.00594	79.9106
12	9216	10.026	6.97661	79.8994
13	7597.7143	1.9	6.93349	79.8505
13	7836	1.9	6.92885	79.8643
13	7841.1429	1.9	6.92917	79.8649
13	7846.2857	1.9	6.93022	79.8585
13	7848	1.9	6.93329	79.8525
13	7873.7143	1.9	6.93248	79.8559
13	7887.4286	1.9	6.92813	79.8614
13	7968	3.668	6.92947	79.8651
13	8213.1429	3.668	6.93162	79.8712
13	8220	3.668	6.93018	79.8678
13	8220	3.668	6.93697	79.8782
13	8228.5714	3.668	6.93669	79.8782
13	8233.7143	3.668	6.93375	79.8747
13	8240.5714	3.668	6.93733	79.8787
13	8264.5714	6.873	6.93743	79.8791
13	8513.1429	6.873	6.9391	79.8807
13	8520	6.873	6.94785	79.887
13	8535.4286	20.556	7.05571	79.8997
13	8538.8571	6.873	6.94391	79.8846
13	8547.4286	6.873	6.96087	79.8941
13	8550.8571	6.873	6.95471	79.8895
13	8554.2857	6.873	6.95902	79.892
13	8561.1429	6.873	6.94114	79.8829
13	8568	8.676	6.96114	79.8946
13	8648.5714	20.556	7.05187	79.9002
13	8720.5714	20.556	7.0622	79.8963
13	8722.2857	10.026	6.97566	79.8992
13	8723.1429	23.934	7.07777	79.892
13	8765.1429	22.153	7.07621	79.8926
13	8787.4286	8.676	6.96572	79.8974
13	8828.5714	8.676	6.96298	79.8964
13	8830.2857	8.676	6.97007	79.8983
13	8840.5714	8.676	6.97448	79.8991
13	8871.4286	20.556	7.05428	79.9
13	8886.8571	8.676	6.97316	79.8988
13	8892	22.153	7.07734	79.8922
13	8900.5714	20.556	7.05779	79.8984
13	8907.4286	22.153	7.07036	79.894
13	8922.8571	22.153	7.07327	79.8933
13	8962.2857	22.153	7.06476	79.8956
13	8964	11.699	6.98883	79.8964
13	8974.2857	10.026	6.97919	79.8998
13	8989.7143	10.026	6.98719	79.9
13	8989.7143	22.153	7.0674	79.8949
13	8996.5714	22.153	7.06291	79.8961
13	9000	10.026	6.9817	79.8998
13	9006.8571	10.026	6.9846	79.8995
13	9017.1429	10.026	6.97661	79.8994
13	9113.1429	14.043	7.00041	79.9068
13	9130.2857	17.077	7.03756	79.9133
13	9156	20.556	7.05025	79.901
13	9157.7143	17.077	7.03281	79.9173
13	9162.8571	11.699	6.99105	79.9032
13	9171.4286	17.077	7.03275	79.9199
13	9174.8571	20.556	7.0493	79.9016
13	9204	18.829	7.04429	79.9049
13	9210.8571	15.546	7.01619	79.918
13	9214.2857	11.699	6.99286	79.9049
13	9224.5714	11.699	6.99518	79.9068
13	9226.2857	11.699	6.99842	79.907
13	9228	11.699	6.98928	79.9016
13	9241.7143	17.077	7.0339	79.9156
13	9301.7143	17.077	7.03137	79.9212
13	9303.4286	11.699	6.99995	79.9067
13	9317.1429	18.829	7.03802	79.9124
13	9341.1429	14.043	7.01047	79.9153
13	9365.1429	18.829	7.04691	79.9032
13	9377.1429	14.043	7.00451	79.908
13	9377.1429	14.043	7.00594	79.9106
13	9380.5714	14.043	7.01409	79.917
13	9384	14.043	7.00802	79.9138
13	9402.8571	17.077	7.03601	79.9146
13	9406.2857	15.546	7.01972	79.9197
13	9411.4286	14.043	7.0024	79.9068
13	9421.7143	18.829	7.04255	79.9071
13	9423.4286	15.546	7.02864	79.9215
13	9426.8571	18.829	7.04853	79.9021
13	9440.5714	15.546	7.01708	79.9184
13	9445.7143	15.546	7.02589	79.9216
13	9464.5714	18.829	7.0388	79.911
13	9493.7143	18.829	7.04054	79.9092
13	9498.8571	15.546	7.02278	79.921
13	9562.2857	17.077	7.03001	79.9214
14	8316	18.829	7.04853	79.9021
14	8352	18.829	7.04691	79.9032
14	8388	18.829	7.04429	79.9049
14	8394.8571	22.153	7.06291	79.8961
14	8406.8571	17.077	7.03756	79.9133
14	8410.2857	17.077	7.03275	79.9199
14	8427.4286	18.829	7.04054	79.9092
14	8446.2857	15.546	7.02278	79.921
14	8458.2857	18.829	7.0388	79.911
14	8504.5714	18.829	7.03802	79.9124
14	8508	17.077	7.03281	79.9173
14	8518.2857	20.556	7.0493	79.9016
14	8562.8571	18.829	7.04255	79.9071
14	8566.2857	17.077	7.03601	79.9146
14	8580	20.556	7.05025	79.901
14	8586.8571	20.556	7.0622	79.8963
14	8592	20.556	7.05779	79.8984
14	8595.4286	20.556	7.05428	79.9
14	8600.5714	20.556	7.05187	79.9002
14	8609.1429	15.546	7.01708	79.9184
14	8622.8571	20.556	7.05571	79.8997
14	8646.8571	22.153	7.0674	79.8949
14	8658.8571	22.153	7.07621	79.8926
14	8661.4286	23.934	7.07777	79.892
14	8665.7143	15.546	7.02589	79.9216
14	8669.1429	22.153	7.07327	79.8933
14	8688	15.546	7.01972	79.9197
14	8689.7143	22.153	7.06476	79.8956
14	8705.1429	22.153	7.07734	79.8922
14	8718.8571	22.153	7.07036	79.894
14	8737.7143	17.077	7.03137	79.9212
14	8766.8571	17.077	7.03001	79.9214
14	8773.7143	17.077	7.0339	79.9156
14	8816.5714	15.546	7.02864	79.9215
14	8859.4286	11.699	6.99518	79.9068
14	8888.5714	15.546	7.01619	79.918
14	8904	14.043	7.0024	79.9068
14	8904	14.043	7.01047	79.9153
14	8916	11.699	6.99995	79.9067
14	8926.2857	11.699	6.98928	79.9016
14	8965.7143	14.043	7.01409	79.917
14	8979.4286	14.043	7.00451	79.908
14	8986.2857	11.699	6.99286	79.9049
14	9000	14.043	7.00802	79.9138
14	9056.5714	10.026	6.9846	79.8995
14	9106.2857	11.699	6.99105	79.9032
14	9132	8.676	6.97316	79.8988
14	9159.4286	10.026	6.97661	79.8994
14	9173.1429	11.699	6.99842	79.907
14	9205.7143	10.026	6.98719	79.9
14	9209.1429	14.043	7.00594	79.9106
14	9289.7143	11.699	6.98883	79.8964
14	9293.1429	1.9	6.93349	79.8505
14	9300	10.026	6.9817	79.8998
14	9387.4286	14.043	7.00041	79.9068
14	9413.1429	10.026	6.97919	79.8998
14	9421.7143	8.676	6.97007	79.8983
14	9452.5714	8.676	6.96298	79.8964
14	9466.2857	10.026	6.97566	79.8992
14	9468	8.676	6.96572	79.8974
14	9469.7143	8.676	6.97448	79.8991
14	9492	1.9	6.93022	79.8585
14	9526.2857	1.9	6.93248	79.8559
14	9545.1429	1.9	6.93329	79.8525
14	9555.4286	1.9	6.92813	79.8614
14	9574.2857	1.9	6.92917	79.8649
14	9589.7143	1.9	6.92885	79.8643
14	9593.1429	3.668	6.92947	79.8651
14	9714.8571	6.873	6.94785	79.887
14	9720	6.873	6.94391	79.8846
14	9728.5714	6.873	6.94114	79.8829
14	9740.5714	6.873	6.93743	79.8791
14	9761.1429	6.873	6.95902	79.892
14	9774.8571	3.668	6.93669	79.8782
14	9810.8571	3.668	6.93697	79.8782
14	9822.8571	3.668	6.93375	79.8747
14	9852	3.668	6.93733	79.8787
14	9869.1429	3.668	6.93162	79.8712
14	9872.5714	6.873	6.96087	79.8941
14	9910.2857	3.668	6.93018	79.8678
14	9924	8.676	6.96114	79.8946
14	9999.4286	6.873	6.95471	79.8895
14	10023.4286	6.873	6.9391	79.8807
33	2662.2857	1.9	6.93349	79.8505
33	2842.2857	3.668	6.92947	79.8651
33	2919.4286	1.9	6.93329	79.8525
33	2938.2857	1.9	6.92885	79.8643
33	2943.4286	1.9	6.92813	79.8614
33	2948.5714	1.9	6.92917	79.8649
33	2979.4286	1.9	6.93022	79.8585
33	2998.2857	1.9	6.93248	79.8559
33	3072	3.668	6.93162	79.8712
33	3092.5714	3.668	6.93018	79.8678
33	3096	3.668	6.93697	79.8782
33	3101.1429	6.873	6.93743	79.8791
33	3104.5714	3.668	6.93375	79.8747
33	3125.1429	3.668	6.93733	79.8787
33	3137.1429	3.668	6.93669	79.8782
33	3324	6.873	6.96087	79.8941
33	3346.2857	6.873	6.94391	79.8846
33	3351.4286	6.873	6.94785	79.887
33	3368.5714	22.153	7.07734	79.8922
33	3378.8571	6.873	6.94114	79.8829
33	3380.5714	6.873	6.95471	79.8895
33	3384	6.873	6.9391	79.8807
33	3413.1429	6.873	6.95902	79.892
33	3497.1429	22.153	7.07036	79.894
33	3505.7143	8.676	6.96114	79.8946
33	3521.1429	22.153	7.06476	79.8956
33	3534.8571	22.153	7.0674	79.8949
33	3555.4286	22.153	7.07327	79.8933
33	3673.7143	22.153	7.07621	79.8926
33	3702.8571	22.153	7.06291	79.8961
33	3740.5714	8.676	6.97007	79.8983
33	3745.7143	10.026	6.97566	79.8992
33	3749.1429	8.676	6.97448	79.8991
33	3761.1429	8.676	6.96572	79.8974
33	3764.5714	8.676	6.96298	79.8964
33	3788.5714	8.676	6.97316	79.8988
33	3841.7143	11.699	6.98883	79.8964
33	3882.8571	20.556	7.05187	79.9002
33	3910.2857	20.556	7.05025	79.901
33	3960	20.556	7.0493	79.9016
33	3972	10.026	6.97661	79.8994
33	3973.7143	23.934	7.07777	79.892
33	3982.2857	17.077	7.03137	79.9212
33	4006.2857	18.829	7.04255	79.9071
33	4020	10.026	6.98719	79.9
33	4033.7143	10.026	6.97919	79.8998
33	4037.1429	10.026	6.9846	79.8995
33	4037.1429	17.077	7.03275	79.9199
33	4054.2857	18.829	7.04691	79.9032
33	4064.5714	11.699	6.98928	79.9016
33	4073.1429	10.026	6.9817	79.8998
33	4086.8571	11.699	6.99995	79.9067
33	4098.8571	20.556	7.0622	79.8963
33	4102.2857	11.699	6.99842	79.907
33	4104	11.699	6.99518	79.9068
33	4116	11.699	6.99105	79.9032
33	4129.7143	14.043	7.00041	79.9068
33	4133.1429	20.556	7.05571	79.8997
33	4138.2857	11.699	6.99286	79.9049
33	4152	20.556	7.05779	79.8984
33	4157.1429	18.829	7.04054	79.9092
33	4160.5714	20.556	7.05428	79.9
33	4162.2857	18.829	7.04429	79.9049
33	4179.4286	18.829	7.04853	79.9021
33	4239.4286	17.077	7.0339	79.9156
33	4251.4286	15.546	7.01708	79.9184
33	4253.1429	15.546	7.02589	79.9216
33	4254.8571	15.546	7.01619	79.918
33	4263.4286	18.829	7.03802	79.9124
33	4273.7143	17.077	7.03601	79.9146
33	4289.1429	14.043	7.00802	79.9138
33	4301.1429	14.043	7.01047	79.9153
33	4304.5714	15.546	7.02864	79.9215
33	4320	18.829	7.0388	79.911
33	4321.7143	14.043	7.00594	79.9106
33	4338.8571	17.077	7.03756	79.9133
33	4369.7143	14.043	7.01409	79.917
33	4397.1429	15.546	7.02278	79.921
33	4402.2857	17.077	7.03281	79.9173
33	4409.1429	14.043	7.00451	79.908
33	4434.8571	14.043	7.0024	79.9068
33	4440	15.546	7.01972	79.9197
33	4626.8571	17.077	7.03001	79.9214
34	7128	1.9	6.92813	79.8614
34	7138.2857	1.9	6.92917	79.8649
34	7138.2857	1.9	6.93022	79.8585
34	7150.2857	1.9	6.92885	79.8643
34	7153.7143	3.668	6.92947	79.8651
34	7170.8571	1.9	6.93248	79.8559
34	7198.2857	1.9	6.93329	79.8525
34	7210.2857	3.668	6.93697	79.8782
34	7222.2857	1.9	6.93349	79.8505
34	7232.5714	3.668	6.93669	79.8782
34	7254.8571	6.873	6.93743	79.8791
34	7302.8571	3.668	6.93162	79.8712
34	7318.2857	3.668	6.93375	79.8747
34	7326.8571	3.668	6.93018	79.8678
34	7356	3.668	6.93733	79.8787
34	7506.8571	6.873	6.95471	79.8895
34	7513.7143	6.873	6.94785	79.887
34	7513.7143	6.873	6.95902	79.892
34	7515.4286	6.873	6.9391	79.8807
34	7532.5714	6.873	6.94114	79.8829
34	7554.8571	6.873	6.94391	79.8846
34	7568.5714	8.676	6.96114	79.8946
34	7596	6.873	6.96087	79.8941
34	7695.4286	10.026	6.97566	79.8992
34	7808.5714	8.676	6.97448	79.8991
34	7836	8.676	6.96572	79.8974
34	7858.2857	8.676	6.97316	79.8988
34	7861.7143	8.676	6.97007	79.8983
34	7873.7143	8.676	6.96298	79.8964
34	7894.2857	10.026	6.97919	79.8998
34	7911.4286	10.026	6.9817	79.8998
34	7930.2857	10.026	6.98719	79.9
34	7952.5714	11.699	6.98883	79.8964
34	7968	10.026	6.9846	79.8995
34	7990.2857	10.026	6.97661	79.8994
34	8110.2857	14.043	7.00041	79.9068
34	8139.4286	15.546	7.01619	79.918
34	8175.4286	11.699	6.99518	79.9068
34	8201.1429	11.699	6.99995	79.9067
34	8202.8571	11.699	6.98928	79.9016
34	8225.1429	11.699	6.99842	79.907
34	8233.7143	11.699	6.99286	79.9049
34	8237.1429	11.699	6.99105	79.9032
34	8307.4286	14.043	7.01409	79.917
34	8319.4286	23.934	7.07777	79.892
34	8333.1429	14.043	7.00451	79.908
34	8352	14.043	7.01047	79.9153
34	8353.7143	22.153	7.07036	79.894
34	8372.5714	15.546	7.02589	79.9216
34	8372.5714	20.556	7.05571	79.8997
34	8374.2857	15.546	7.01708	79.9184
34	8382.8571	22.153	7.0674	79.8949
34	8384.5714	14.043	7.00594	79.9106
34	8391.4286	15.546	7.01972	79.9197
34	8396.5714	22.153	7.06291	79.8961
34	8398.2857	14.043	7.00802	79.9138
34	8400	14.043	7.0024	79.9068
34	8415.4286	15.546	7.02278	79.921
34	8424	20.556	7.05428	79.9
34	8441.1429	22.153	7.07327	79.8933
34	8448	15.546	7.02864	79.9215
34	8484	22.153	7.06476	79.8956
34	8506.2857	17.077	7.03137	79.9212
34	8511.4286	22.153	7.07621	79.8926
34	8520	20.556	7.0622	79.8963
34	8537.1429	17.077	7.03001	79.9214
34	8569.7143	20.556	7.05779	79.8984
34	8578.2857	22.153	7.07734	79.8922
34	8585.1429	20.556	7.05025	79.901
34	8586.8571	18.829	7.0388	79.911
34	8609.1429	17.077	7.0339	79.9156
34	8609.1429	20.556	7.05187	79.9002
34	8622.8571	17.077	7.03756	79.9133
34	8641.7143	18.829	7.04429	79.9049
34	8645.1429	17.077	7.03275	79.9199
34	8664	18.829	7.03802	79.9124
34	8715.4286	18.829	7.04054	79.9092
34	8717.1429	17.077	7.03281	79.9173
34	8730.8571	18.829	7.04691	79.9032
34	8732.5714	18.829	7.04853	79.9021
34	8746.2857	17.077	7.03601	79.9146
34	8746.2857	18.829	7.04255	79.9071
34	8758.2857	20.556	7.0493	79.9016
35	7284	14.043	7.00451	79.908
35	7299.4286	14.043	7.0024	79.9068
35	7373.1429	15.546	7.02589	79.9216
35	7385.1429	11.699	6.98928	79.9016
35	7388.5714	15.546	7.01708	79.9184
35	7436.5714	15.546	7.02864	79.9215
35	7465.7143	14.043	7.01047	79.9153
35	7472.5714	14.043	7.00594	79.9106
35	7479.4286	15.546	7.02278	79.921
35	7498.2857	14.043	7.00802	79.9138
35	7498.2857	17.077	7.03001	79.9214
35	7532.5714	11.699	6.99518	79.9068
35	7554.8571	11.699	6.99105	79.9032
35	7568.5714	11.699	6.99995	79.9067
35	7589.1429	15.546	7.01972	79.9197
35	7626.8571	11.699	6.99286	79.9049
35	7626.8571	11.699	6.99842	79.907
35	7632	14.043	7.01409	79.917
35	7638.8571	10.026	6.98719	79.9
35	7642.2857	10.026	6.97661	79.8994
35	7668	15.546	7.01619	79.918
35	7690.2857	18.829	7.03802	79.9124
35	7710.8571	17.077	7.0339	79.9156
35	7712.5714	17.077	7.03601	79.9146
35	7726.2857	17.077	7.03756	79.9133
35	7758.8571	17.077	7.03281	79.9173
35	7764	17.077	7.03275	79.9199
35	7788	17.077	7.03137	79.9212
35	7801.7143	20.556	7.0493	79.9016
35	7803.4286	8.676	6.96572	79.8974
35	7812	10.026	6.97919	79.8998
35	7815.4286	10.026	6.9846	79.8995
35	7824	22.153	7.06291	79.8961
35	7860	11.699	6.98883	79.8964
35	7865.1429	14.043	7.00041	79.9068
35	7911.4286	10.026	6.9817	79.8998
35	7930.2857	18.829	7.0388	79.911
35	7937.1429	8.676	6.97448	79.8991
35	7937.1429	18.829	7.04853	79.9021
35	7952.5714	18.829	7.04255	79.9071
35	7974.8571	8.676	6.97316	79.8988
35	7974.8571	18.829	7.04429	79.9049
35	8000.5714	22.153	7.07621	79.8926
35	8002.2857	18.829	7.04691	79.9032
35	8009.1429	8.676	6.96298	79.8964
35	8009.1429	18.829	7.04054	79.9092
35	8016	8.676	6.97007	79.8983
35	8022.8571	10.026	6.97566	79.8992
35	8065.7143	22.153	7.0674	79.8949
35	8069.1429	20.556	7.05428	79.9
35	8072.5714	22.153	7.06476	79.8956
35	8074.2857	20.556	7.05025	79.901
35	8074.2857	22.153	7.07036	79.894
35	8077.7143	8.676	6.96114	79.8946
35	8086.2857	20.556	7.0622	79.8963
35	8088	20.556	7.05187	79.9002
35	8091.4286	22.153	7.07734	79.8922
35	8096.5714	20.556	7.05571	79.8997
35	8098.2857	20.556	7.05779	79.8984
35	8101.7143	22.153	7.07327	79.8933
35	8117.1429	6.873	6.95471	79.8895
35	8154.8571	6.873	6.9391	79.8807
35	8206.2857	6.873	6.94785	79.887
35	8221.7143	6.873	6.94114	79.8829
35	8278.2857	3.668	6.93669	79.8782
35	8298.8571	6.873	6.95902	79.892
35	8333.1429	6.873	6.96087	79.8941
35	8357.1429	3.668	6.93733	79.8787
35	8399.1429	23.934	7.07777	79.892
35	8406.8571	6.873	6.93743	79.8791
35	8453.1429	3.668	6.93697	79.8782
35	8466.8571	3.668	6.92947	79.8651
35	8470.2857	6.873	6.94391	79.8846
35	8477.1429	3.668	6.93018	79.8678
35	8496	3.668	6.93162	79.8712
35	8504.5714	1.9	6.93329	79.8525
35	8514.8571	1.9	6.92885	79.8643
35	8547.4286	1.9	6.93022	79.8585
35	8585.1429	3.668	6.93375	79.8747
35	8595.4286	1.9	6.92917	79.8649
35	8622.8571	1.9	6.93248	79.8559
35	8681.1429	1.9	6.92813	79.8614
35	8688	1.9	6.93349	79.8505
41	7450.2857	22.153	7.06291	79.8961
41	7500	18.829	7.04853	79.9021
41	7501.7143	15.546	7.02589	79.9216
41	7501.7143	20.556	7.05571	79.8997
41	7508.5714	17.077	7.03756	79.9133
41	7527.4286	17.077	7.0339	79.9156
41	7548	20.556	7.05428	79.9
41	7554.8571	20.556	7.05187	79.9002
41	7561.7143	17.077	7.03137	79.9212
41	7572	20.556	7.05025	79.901
41	7578.8571	20.556	7.0622	79.8963
41	7582.2857	22.153	7.0674	79.8949
41	7589.1429	18.829	7.04054	79.9092
41	7594.2857	22.153	7.07734	79.8922
41	7601.1429	17.077	7.03281	79.9173
41	7608	20.556	7.05779	79.8984
41	7613.1429	18.829	7.0388	79.911
41	7614.8571	17.077	7.03275	79.9199
41	7635.4286	17.077	7.03601	79.9146
41	7635.4286	22.153	7.07327	79.8933
41	7644	22.153	7.07621	79.8926
41	7645.7143	20.556	7.0493	79.9016
41	7650.8571	22.153	7.06476	79.8956
41	7678.2857	22.153	7.07036	79.894
41	7681.7143	15.546	7.02278	79.921
41	7681.7143	15.546	7.02864	79.9215
41	7708.2857	23.934	7.07777	79.892
41	7709.1429	18.829	7.04255	79.9071
41	7758.8571	14.043	7.00451	79.908
41	7772.5714	15.546	7.01708	79.9184
41	7777.7143	14.043	7.0024	79.9068
41	7788	17.077	7.03001	79.9214
41	7791.4286	18.829	7.04691	79.9032
41	7798.2857	18.829	7.04429	79.9049
41	7817.1429	14.043	7.00802	79.9138
41	7863.4286	14.043	7.01047	79.9153
41	7873.7143	14.043	7.01409	79.917
41	7916.5714	14.043	7.00594	79.9106
41	7935.4286	15.546	7.01619	79.918
41	7940.5714	15.546	7.01972	79.9197
41	7974.8571	18.829	7.03802	79.9124
41	8062.2857	14.043	7.00041	79.9068
41	8113.7143	3.668	6.92947	79.8651
41	8185.7143	11.699	6.99518	79.9068
41	8199.4286	11.699	6.99995	79.9067
41	8218.2857	1.9	6.93349	79.8505
41	8230.2857	11.699	6.99842	79.907
41	8261.1429	11.699	6.98928	79.9016
41	8266.2857	10.026	6.97919	79.8998
41	8316	8.676	6.97448	79.8991
41	8346.8571	3.668	6.93733	79.8787
41	8350.2857	11.699	6.99286	79.9049
41	8355.4286	10.026	6.97661	79.8994
41	8364	3.668	6.93162	79.8712
41	8386.2857	11.699	6.99105	79.9032
41	8398.2857	8.676	6.97316	79.8988
41	8405.1429	10.026	6.9817	79.8998
41	8413.7143	3.668	6.93375	79.8747
41	8415.4286	3.668	6.93018	79.8678
41	8420.5714	3.668	6.93669	79.8782
41	8422.2857	1.9	6.93329	79.8525
41	8424	3.668	6.93697	79.8782
41	8441.1429	10.026	6.9846	79.8995
41	8442.8571	1.9	6.92917	79.8649
41	8451.4286	1.9	6.93022	79.8585
41	8453.1429	8.676	6.96572	79.8974
41	8466.8571	8.676	6.96298	79.8964
41	8466.8571	11.699	6.98883	79.8964
41	8472	1.9	6.92885	79.8643
41	8499.4286	1.9	6.92813	79.8614
41	8502.8571	10.026	6.98719	79.9
41	8516.5714	1.9	6.93248	79.8559
41	8564.5714	8.676	6.97007	79.8983
41	8573.1429	6.873	6.9391	79.8807
41	8604	6.873	6.95902	79.892
41	8633.1429	6.873	6.94785	79.887
41	8646.8571	6.873	6.96087	79.8941
41	8713.7143	6.873	6.95471	79.8895
41	8730.8571	6.873	6.93743	79.8791
41	8741.1429	6.873	6.94391	79.8846
41	8761.7143	8.676	6.96114	79.8946
41	8820	6.873	6.94114	79.8829
41	8823.4286	10.026	6.97566	79.8992
42	8177.1429	1.9	6.93349	79.8505
42	8374.2857	3.668	6.92947	79.8651
42	8386.2857	1.9	6.93248	79.8559
42	8430.8571	1.9	6.93329	79.8525
42	8442.8571	1.9	6.93022	79.8585
42	8448	1.9	6.92813	79.8614
42	8472	1.9	6.92917	79.8649
42	8496	1.9	6.92885	79.8643
42	8542.2857	6.873	6.93743	79.8791
42	8600.5714	3.668	6.93375	79.8747
42	8609.1429	3.668	6.93733	79.8787
42	8619.4286	3.668	6.93018	79.8678
42	8624.5714	3.668	6.93162	79.8712
42	8638.2857	3.668	6.93669	79.8782
42	8691.4286	3.668	6.93697	79.8782
42	8758.2857	6.873	6.94785	79.887
42	8773.7143	6.873	6.95902	79.892
42	8782.2857	6.873	6.95471	79.8895
42	8804.5714	6.873	6.94114	79.8829
42	8813.1429	6.873	6.9391	79.8807
42	8844	6.873	6.96087	79.8941
42	8844	8.676	6.96114	79.8946
42	8849.1429	6.873	6.94391	79.8846
42	8897.1429	23.934	7.07777	79.892
42	8943.4286	20.556	7.05187	79.9002
42	8979.4286	20.556	7.05025	79.901
42	9005.1429	20.556	7.0622	79.8963
42	9087.4286	8.676	6.96298	79.8964
42	9092.5714	8.676	6.97448	79.8991
42	9094.2857	20.556	7.05779	79.8984
42	9097.7143	8.676	6.97007	79.8983
42	9130.2857	8.676	6.97316	79.8988
42	9149.1429	8.676	6.96572	79.8974
42	9154.2857	20.556	7.05428	79.9
42	9159.4286	10.026	6.97566	79.8992
42	9159.4286	20.556	7.05571	79.8997
42	9320.5714	18.829	7.04054	79.9092
42	9337.7143	11.699	6.98883	79.8964
42	9351.4286	15.546	7.02864	79.9215
42	9384	10.026	6.97661	79.8994
42	9385.7143	22.153	7.07621	79.8926
42	9389.1429	10.026	6.9817	79.8998
42	9392.5714	22.153	7.07327	79.8933
42	9414.8571	10.026	6.97919	79.8998
42	9442.2857	10.026	6.98719	79.9
42	9447.4286	10.026	6.9846	79.8995
42	9452.5714	22.153	7.07734	79.8922
42	9457.7143	20.556	7.0493	79.9016
42	9483.4286	22.153	7.0674	79.8949
42	9486.8571	15.546	7.02589	79.9216
42	9490.2857	17.077	7.03756	79.9133
42	9492	17.077	7.03281	79.9173
42	9492	22.153	7.06291	79.8961
42	9497.1429	22.153	7.07036	79.894
42	9522.8571	17.077	7.0339	79.9156
42	9557.1429	15.546	7.01708	79.9184
42	9562.2857	11.699	6.99518	79.9068
42	9569.1429	11.699	6.99286	79.9049
42	9574.2857	18.829	7.04691	79.9032
42	9582.8571	22.153	7.06476	79.8956
42	9584.5714	14.043	7.00802	79.9138
42	9586.2857	11.699	6.99105	79.9032
42	9598.2857	18.829	7.0388	79.911
42	9601.7143	14.043	7.00041	79.9068
42	9606.8571	11.699	6.99842	79.907
42	9622.2857	11.699	6.98928	79.9016
42	9624	17.077	7.03601	79.9146
42	9641.1429	15.546	7.02278	79.921
42	9653.1429	17.077	7.03137	79.9212
42	9665.1429	11.699	6.99995	79.9067
42	9665.1429	18.829	7.04255	79.9071
42	9675.4286	18.829	7.04853	79.9021
42	9680.5714	18.829	7.04429	79.9049
42	9728.5714	17.077	7.03275	79.9199
42	9732	15.546	7.01619	79.918
42	9745.7143	15.546	7.01972	79.9197
42	9752.5714	14.043	7.0024	79.9068
42	9757.7143	14.043	7.01047	79.9153
42	9769.7143	18.829	7.03802	79.9124
42	9829.7143	14.043	7.00594	79.9106
42	9857.1429	14.043	7.01409	79.917
42	9879.4286	14.043	7.00451	79.908
42	10028.5714	17.077	7.03001	79.9214
58	4131.4286	1.9	6.93349	79.8505
58	4261.7143	22.153	7.07036	79.894
58	4328.5714	3.668	6.92947	79.8651
58	4368	1.9	6.92813	79.8614
58	4371.4286	1.9	6.93248	79.8559
58	4376.5714	22.153	7.07621	79.8926
58	4386.8571	1.9	6.93329	79.8525
58	4398.8571	1.9	6.92885	79.8643
58	4404	1.9	6.93022	79.8585
58	4419.4286	1.9	6.92917	79.8649
58	4419.4286	22.153	7.0674	79.8949
58	4434.8571	18.829	7.04255	79.9071
58	4434.8571	22.153	7.07327	79.8933
58	4493.1429	6.873	6.93743	79.8791
58	4561.7143	18.829	7.04054	79.9092
58	4578.8571	3.668	6.93669	79.8782
58	4584	3.668	6.93375	79.8747
58	4584	22.153	7.07734	79.8922
58	4596	3.668	6.93733	79.8787
58	4606.2857	3.668	6.93162	79.8712
58	4608	22.153	7.06291	79.8961
58	4609.7143	18.829	7.04691	79.9032
58	4621.7143	3.668	6.93697	79.8782
58	4638	23.934	7.07777	79.892
58	4656	18.829	7.0388	79.911
58	4659.4286	3.668	6.93018	79.8678
58	4680	18.829	7.04429	79.9049
58	4688.5714	22.153	7.06476	79.8956
58	4709.1429	6.873	6.95471	79.8895
58	4740	6.873	6.96087	79.8941
58	4743.4286	6.873	6.9391	79.8807
58	4748.5714	6.873	6.95902	79.892
58	4764	6.873	6.94114	79.8829
58	4774.2857	6.873	6.94785	79.887
58	4781.1429	18.829	7.04853	79.9021
58	4786.2857	6.873	6.94391	79.8846
58	4822.2857	20.556	7.05571	79.8997
58	4887.4286	20.556	7.0622	79.8963
58	4896	18.829	7.03802	79.9124
58	4899.4286	20.556	7.05187	79.9002
58	4914.8571	20.556	7.05428	79.9
58	4920	8.676	6.96114	79.8946
58	4937.1429	17.077	7.03275	79.9199
58	4940.5714	17.077	7.03756	79.9133
58	4968	17.077	7.03281	79.9173
58	5016	17.077	7.0339	79.9156
58	5029.7143	17.077	7.03137	79.9212
58	5034.8571	15.546	7.01708	79.9184
58	5034.8571	17.077	7.03601	79.9146
58	5070.8571	20.556	7.05779	79.8984
58	5089.7143	15.546	7.02589	79.9216
58	5091.4286	15.546	7.02864	79.9215
58	5106.8571	10.026	6.97566	79.8992
58	5132.5714	20.556	7.05025	79.901
58	5161.7143	11.699	6.98883	79.8964
58	5178.8571	8.676	6.96572	79.8974
58	5178.8571	8.676	6.97316	79.8988
58	5180.5714	15.546	7.01972	79.9197
58	5197.7143	8.676	6.97007	79.8983
58	5202.8571	8.676	6.97448	79.8991
58	5238.8571	8.676	6.96298	79.8964
58	5250.8571	10.026	6.97661	79.8994
58	5292	20.556	7.0493	79.9016
58	5300.5714	14.043	7.00451	79.908
58	5304	10.026	6.98719	79.9
58	5316	10.026	6.9846	79.8995
58	5328	11.699	6.99842	79.907
58	5331.4286	11.699	6.98928	79.9016
58	5352	11.699	6.99995	79.9067
58	5358.8571	10.026	6.9817	79.8998
58	5358.8571	11.699	6.99105	79.9032
58	5360.5714	11.699	6.99518	79.9068
58	5374.2857	14.043	7.01409	79.917
58	5376	15.546	7.02278	79.921
58	5393.1429	10.026	6.97919	79.8998
58	5400	14.043	7.0024	79.9068
58	5406.8571	17.077	7.03001	79.9214
58	5449.7143	14.043	7.00594	79.9106
58	5454.8571	11.699	6.99286	79.9049
58	5535.4286	14.043	7.01047	79.9153
58	5557.7143	14.043	7.00802	79.9138
58	5580	15.546	7.01619	79.918
58	5658.8571	14.043	7.00041	79.9068
